# Synthetic XRD pattern for Quartz (SiO2)
# 2Theta (deg)  Intensity  Error
20.85  1000  32
26.64  8500  92
36.54  800  28
39.46  700  26
40.28  400  20
42.45  600  24
45.79  350  19
50.13  1200  35
54.87  500  22
55.32  300  17
59.95  900  30
64.03  250  16
67.74  700  26
68.14  650  25
73.47  200  14
75.66  400  20
77.67  350  19
79.88  600  24
81.17  250  16
83.80  300  17
84.94  450  21
87.43  200  14
90.82  350  19
94.64  180  13
95.00  220  15
100.32  150  12
102.58  280  17
112.34  120  11
118.15  200  14
121.27  160  13
127.67  140  12
133.47  180  13
136.55  200  14
